% HW4_scores.m

% Copy this vector into the MATLAB script for HW4.

score = [59, 70, 88, 95, 92, 76, 94, 87, 82, 91, 88, 65, 86, 93, 88, 96, 92, 87, 30, 80];